42.009252
32.376048
32.179400
32.066625
32.119754
17.360837
17.303139
17.291207
17.320958
17.322326
12.374364
12.406679
12.366792
12.329818
12.283054
9.768713
9.707389
9.765239
9.772422
9.770505
8.122205
8.261587
8.161360
8.154924
8.136503
7.205019
7.103362
7.183138
7.078211
7.146003
6.388752
6.418736
6.451376
6.472342
6.446593
5.869325
5.940332
5.875343
5.957211
5.846988
5.356735
5.386096
5.371482
5.375860
5.427684
5.041386
5.005904
5.103927
5.080656
5.084015
4.761111
4.800340
4.797081
4.718627
4.847207
4.565890
4.463659
4.491084
4.603839
4.567209
4.430171
4.278341
4.291286
4.367038
4.364477
4.173982
4.148996
4.163538
4.130750
4.168874
4.225160
4.114010
4.033019
4.005371
4.052454
3.941853
3.877322
3.868089
3.974210
3.927735
3.901635
3.840298
3.841765
3.892768
3.889723
3.677531
3.773193
3.769168
3.707625
3.658448
3.720414
3.587795
3.732813
3.619248
3.643646
3.653148
3.692971
3.630441
3.561458
3.551417
3.527807
3.541730
3.458118
3.468690
3.469330
3.481788
3.462424
3.506587
3.608747
3.557661
3.449093
3.316515
3.353910
3.372899
3.460525
3.384153
3.315342
3.312223
3.278057
3.400608
3.284792
3.222138
3.230024
3.327066
3.750176
3.198925
3.269662
3.269495
3.200276
3.280851
3.140716
3.272645
3.300874
3.155055
3.186712
3.214502
3.158669
3.157971
3.192452
3.184247
2.993548
3.268969
3.222673
3.101049
3.101594
3.082790
3.172832
3.117113
3.133266
3.131309
3.086501
3.019328
3.097115
3.069947
3.147372
3.173538
3.088223
3.169016
3.070787
3.061385
3.074430
3.070234
3.091204
3.123545
3.084818
3.095710
3.109515
3.095518
3.029643
3.066847
2.988554
3.013224
3.114710
2.944022
3.038816
2.995763
2.964174
2.922779
3.088013
2.948173
2.978884
2.914954
2.871696
2.938161
3.023018
2.912606
2.917825
2.830273
2.884762
2.921566
3.022406
2.890268
2.916419
2.970258
2.853777
2.844973
2.851200
2.816027
2.848826
2.915477
2.841841
2.731939
2.967647
2.901033
2.804765
2.787520
3.036922
2.875014
2.852517
2.737604
2.804153
2.737587
2.755997
2.861775
2.912198
2.776521
2.816227
2.739954
2.893412
2.764261
2.814860
2.805879
2.729278
2.809622
2.830776
2.740304
2.678279
3.081742
2.715760
2.766395
2.645102
2.770185
2.779118
2.770767
2.994706
2.758456
2.784791
2.838974
2.774546
2.713876
2.792217
2.826165
2.823418
2.687536
2.771145
2.839355
2.760238
2.736830
2.751506
2.745882
2.780640
2.747231
2.776736
2.707474
2.616491
2.665504
2.634773
2.781008
2.685078
2.711630
2.698707
2.636796
2.682078
2.766601
2.681927
2.689801
2.652959
2.699197
2.689633
2.661970
2.674872
2.624159
2.613528
2.722511
2.713509
2.612044
2.642171
2.645975
2.633277
2.818085
2.560169
2.627496
2.596720
2.653916
2.625302
2.632241
2.547515
2.637242
2.573367
2.833034
2.610503
2.592718
2.666367
2.571233
2.597437
2.559741
2.590168
2.607572
2.564327
2.600133
2.615678
2.585135
2.529715
2.550892
2.524146
2.511070
2.615582
2.620237
2.662110
2.574063
2.569858
2.582128
2.767662
2.518476
2.604058
2.608059
2.591794
2.615632
2.520382
2.601716
