1 201.616010 202.450849
1 201.525326 203.285210
1 201.523589 202.353469
1 202.301312 203.132209
3 63.908461 64.375298
3 63.890060 64.338599
3 63.894228 64.354257
3 63.897968 64.350730
5 38.189442 38.640155
5 38.215661 38.675534
5 38.187231 38.645003
5 38.239631 38.692522
7 27.176201 27.657800
7 27.175526 27.648299
7 27.224703 27.703169
7 27.204228 27.667533
9 21.057157 21.610703
9 21.055559 21.612497
9 21.061049 21.604279
9 21.036487 21.556421
11 17.319961 17.949832
11 17.332100 17.948079
11 17.353254 17.956771
11 17.341977 17.933043
13 14.804359 15.508077
13 14.802023 15.500032
13 14.827626 15.516930
13 14.753330 15.443074
15 12.897260 13.656438
15 12.876884 13.661975
15 12.838829 13.624814
15 12.911341 13.668065
17 11.400717 12.246406
17 11.600503 12.450004
17 11.395034 12.213106
17 11.538401 12.351958
19 10.285227 11.110384
19 10.228605 11.058130
19 10.266132 11.097496
19 10.210362 11.054695
21 9.268423 10.113668
21 9.369688 10.226871
21 9.692765 10.513059
21 9.311465 10.149368
23 8.530661 9.401752
23 8.549401 9.446046
23 8.617947 9.486322
23 8.541053 9.427685
25 7.898641 8.799474
25 7.955338 8.832506
25 7.919462 8.820556
25 7.951536 8.854749
27 7.322673 8.228219
27 7.426417 8.367191
27 7.340925 8.284800
27 7.319578 8.604864
29 6.858552 7.649612
29 6.839396 7.634115
29 6.933751 7.730993
29 6.849070 7.617864
31 6.536094 7.404632
31 6.407844 7.278387
31 6.438077 7.345662
31 6.384283 7.372484
31 6.407392 7.398371
31 6.453162 7.434171
31 6.411891 7.369116
33 5.992127 7.008357
33 6.090640 7.092590
33 6.082640 7.111224
35 5.732698 6.780020
35 5.739957 6.814121
35 5.794279 6.838232
35 5.805684 6.875164
37 5.434886 6.504495
37 5.416889 6.475851
37 5.419956 6.479321
37 5.468970 6.532306
39 5.181538 6.230163
39 5.160359 6.241687
39 5.187924 6.286556
39 5.204442 6.293434
41 4.959141 6.009695
41 4.939481 6.071147
41 4.900987 6.014848
43 4.732329 5.863143
43 4.747765 5.901072
43 4.763048 5.891830
43 4.747754 5.855620
45 4.574299 5.767410
45 4.601164 5.728261
45 4.581925 5.736765
45 4.607110 5.798215
47 4.474931 5.730093
47 4.413586 5.612128
47 4.434632 5.681315
47 4.420231 5.590493
49 4.291308 5.567479
49 4.245049 5.516686
49 4.255207 5.524795
49 4.304156 5.534003
51 4.090205 5.380362
51 4.158359 5.531188
51 4.121559 5.429988
53 3.999370 5.290592
53 4.539459 5.836816
53 3.996576 5.310656
53 4.011780 5.342655
55 3.914325 5.228324
55 3.868889 5.366720
55 3.915738 5.264005
55 3.905086 5.268265
57 3.844792 5.148843
57 3.811445 5.184612
57 4.413472 5.819869
57 3.812657 5.257948
59 3.717971 4.751720
59 4.018649 5.077114
59 3.643353 4.630527
61 3.618304 4.692090
61 3.956249 4.970289
61 3.637499 4.687649
61 3.688129 4.698659
63 3.538699 4.702254
63 3.538293 4.607516
63 3.552260 4.613218
63 3.538330 4.544114
65 3.431405 4.453689
65 3.484406 4.555815
65 3.453775 4.528695
65 3.485313 4.575807
67 3.984396 5.036058
67 3.361558 4.431444
67 3.401263 4.404900
67 3.863887 4.914433
69 3.309597 4.393447
69 3.355590 4.427591
69 3.317023 4.396391
71 3.760433 4.812080
71 3.229918 4.313285
71 3.809268 4.855011
71 3.227196 4.284358
73 3.164125 4.283371
73 3.161796 4.201877
73 3.172390 4.302258
73 3.158464 4.291031
75 3.140179 4.266344
75 3.100543 4.266943
75 3.110758 4.261885
75 3.154354 4.300053
77 3.342116 4.496059
77 3.057595 4.187395
77 3.081146 4.277079
77 3.037228 4.263894
79 3.099244 4.248113
79 2.984374 4.132902
79 2.984866 4.154279
79 3.030410 4.219357
81 2.977697 4.541780
81 2.938415 4.078343
81 2.954652 4.160823
81 2.954434 4.109985
83 3.097710 4.215041
83 2.883036 4.115709
83 2.917342 4.057326
83 2.923955 4.223889
85 2.858475 4.114153
85 2.848969 4.008700
85 2.841074 4.027053
85 2.873055 4.168715
87 3.087037 4.345368
87 2.813383 4.041431
87 2.783530 4.002416
87 2.808836 4.092633
89 2.747420 3.940494
89 2.801875 4.077649
89 2.748587 3.902672
89 2.825066 4.000878
91 3.013397 4.326426
91 2.742378 3.937584
91 2.665905 4.000377
91 2.761607 3.999902
93 2.650412 3.845173
93 2.616554 3.916188
93 2.659991 3.912383
93 2.682382 4.003880
95 2.664838 3.913257
95 2.637521 3.999882
95 2.620945 3.894490
95 3.013978 4.290386
97 2.586375 3.921309
97 2.629903 4.122526
97 2.631189 4.069766
97 2.837397 4.223745
99 2.568976 3.868694
99 2.581705 4.045444
99 2.589914 4.016225
99 2.531295 3.876128
101 2.527258 3.996608
101 2.549020 3.907687
101 2.569809 3.935128
103 2.469099 4.049635
103 2.534466 3.919798
103 2.526994 3.978412
103 2.507016 3.883276
105 2.460171 4.041842
105 2.486656 3.957646
105 2.455080 3.781368
105 2.416080 4.059291
107 2.442545 3.912740
107 2.491632 3.910922
107 2.471882 3.955652
107 2.409585 3.994159
109 2.368433 3.770726
109 2.452820 3.943765
109 2.387190 4.029112
109 2.444527 4.018930
111 2.362666 3.892817
111 2.357100 3.918132
111 2.769969 4.221644
113 2.374419 3.987337
113 2.401533 3.935555
113 2.388179 3.959123
113 2.285538 3.891291
115 2.279654 3.751787
115 2.301763 3.941358
115 2.271531 4.016942
115 2.330786 3.852188
117 2.297376 3.951782
117 2.249443 3.799507
117 2.287037 3.845680
117 2.273410 3.776320
119 2.217968 3.910804
119 2.244931 3.701686
119 2.262892 3.797080
119 2.280487 3.918471
121 2.220120 3.845426
121 2.219319 3.886881
121 2.207752 3.836105
121 2.252233 3.913350
123 2.240418 4.136678
123 2.232263 3.861232
123 2.205405 3.985358
123 2.214641 3.973042
123 2.205373 3.882432
123 2.214833 3.966758
125 2.180705 3.838270
125 2.214737 4.056559
125 2.183562 3.847880
125 2.196330 3.935850
127 2.194668 3.957868
127 2.190120 3.956306
127 2.188618 4.005752
127 2.306737 4.084750
129 2.233762 3.910179
129 2.234846 4.269513
129 2.182181 4.237720
129 2.166818 4.035995
131 2.188141 4.050490
131 2.363765 4.175388
131 2.193094 3.832505
131 2.204448 4.098809
133 2.146517 3.885150
133 2.172001 3.958755
133 2.133579 4.100324
133 2.177764 3.997178
135 2.103787 3.837886
135 2.155051 3.877630
135 2.125672 3.968126
135 2.095705 3.795552
137 2.203044 4.047228
137 2.154294 4.190269
137 2.416081 4.105254
137 2.108129 3.868070
137 2.001832 3.469912
139 2.027131 3.717959
139 2.045578 3.528744
139 2.021371 3.530931
139 2.072501 3.648036
141 2.058033 3.659152
141 2.043269 3.585645
141 2.052873 3.669295
141 2.089504 3.582919
143 1.977882 3.467284
143 1.990218 3.569259
143 1.989066 3.445234
143 1.966346 3.486127
145 1.994937 3.533188
145 2.656018 4.183243
145 2.172436 3.300182
145 2.022912 3.773386
147 2.016670 3.689965
147 2.015461 3.791004
149 1.843678 2.938085
149 2.237053 3.380788
149 1.967507 3.079890
149 1.966624 3.182150
151 1.922458 3.128303
151 1.956240 3.093236
151 1.931407 3.063583
151 1.944169 3.065858
153 2.056845 3.179245
153 1.968643 3.047005
153 1.915332 3.109336
153 1.903122 3.054080
155 2.336927 3.476640
155 1.871888 2.953983
155 1.943005 3.078987
155 1.939527 3.151685
157 1.894903 3.205967
157 1.957454 3.228648
157 1.958923 3.078754
157 1.860838 3.173719
159 1.887881 3.015859
159 1.887636 3.026197
159 1.869658 3.007377
159 1.898181 3.056813
161 1.912818 3.119157
161 1.904109 3.083946
161 1.886364 3.149025
161 1.838279 3.018488
163 1.892312 3.043264
163 1.840590 3.000550
163 1.870968 2.965845
163 2.340179 3.441110
165 1.832433 2.942919
165 1.883759 3.009394
165 1.823186 2.958585
165 2.125779 3.219879
167 1.808830 2.935853
167 1.864388 3.015861
167 1.818798 3.268810
167 1.816479 2.981323
169 1.822407 2.915986
169 1.796033 3.178786
169 1.823232 2.988179
169 1.855938 2.960257
171 1.797261 2.921228
171 1.799085 3.025442
171 1.800765 2.899534
171 1.783641 2.980532
173 1.752662 2.884585
173 1.792117 2.954924
173 1.792073 2.927469
173 1.765897 2.928753
175 1.813660 2.937681
175 1.765885 2.907972
175 1.717347 3.229282
175 1.802812 2.979941
177 1.764118 2.950435
177 2.010517 3.203273
177 1.773737 2.899368
177 1.752085 2.897493
179 1.797393 2.885156
179 1.708927 2.811672
179 1.770771 2.944071
179 1.735723 2.990367
181 1.737942 2.876820
181 1.752625 2.937461
181 1.687114 3.161659
181 1.760724 2.871520
183 1.701484 2.904551
183 1.686019 2.904343
183 1.777529 2.887392
183 1.706898 2.880413
185 1.734722 2.859390
185 1.699744 3.699016
185 1.732317 2.839648
185 1.766776 2.884868
187 1.701581 2.884831
187 1.682366 2.807533
187 1.720519 2.852097
187 1.673854 2.913905
189 1.684335 2.784948
189 1.692791 2.884534
189 1.642448 2.979277
189 1.683047 2.833118
191 1.690774 2.832032
191 1.649900 2.870239
191 1.678838 2.898557
191 1.672325 2.837155
193 1.718548 2.806453
193 1.716215 2.841103
193 1.701352 2.835730
193 1.671083 2.822855
195 1.650795 2.810829
195 1.674133 2.835565
195 1.642429 2.756387
195 1.870884 2.983530
197 1.663158 2.805228
197 1.663517 2.756133
197 1.637014 2.721801
197 1.930387 3.037307
199 1.641761 2.745875
199 1.652175 2.725314
199 1.752884 2.858222
199 1.667366 2.751470
201 1.663511 2.749901
201 1.633512 2.755677
201 1.875417 3.002032
201 1.631038 2.732754
203 1.649184 2.748973
203 1.637988 2.738080
203 1.879157 3.065572
203 1.631114 2.728359
205 1.634590 2.844265
205 1.631232 2.800660
205 1.816459 2.999891
205 1.558856 2.664949
207 1.665036 2.740401
207 1.607115 2.738873
207 1.603987 2.775259
207 1.579008 2.683366
209 1.595654 2.735202
209 1.619949 2.787425
209 1.568367 2.671193
209 1.615805 2.753703
211 1.581238 2.809722
211 1.713163 2.846205
211 1.557425 2.730284
211 1.596651 2.692741
213 2.127468 3.218812
213 1.561610 2.692411
213 1.626133 2.717377
213 1.984937 3.108600
215 1.516075 2.997241
215 1.612101 2.737269
215 1.532150 2.775728
215 1.542883 3.011665
217 1.561799 2.713567
217 1.589987 2.741276
217 1.571150 2.724570
217 1.577423 2.748898
219 1.594316 2.820119
219 1.547064 2.688830
219 1.855073 3.188451
219 1.494350 2.674034
221 1.546627 2.675883
221 1.533803 2.820882
221 1.846001 2.972741
221 1.526184 2.715466
223 1.565951 2.740782
223 1.873178 3.040504
223 1.504954 2.715209
223 1.557564 2.726162
225 1.472385 2.975053
225 1.527282 2.811209
225 1.506350 2.803539
225 1.524180 2.807501
227 1.506115 2.748816
227 1.503552 2.827233
227 1.519090 2.899574
227 1.522637 2.762827
229 1.483820 2.758362
229 1.474284 2.717154
229 1.474419 2.728138
229 1.474479 2.881286
231 1.487698 2.742599
231 1.450505 2.751498
231 1.463522 2.825882
231 1.598104 2.972965
233 1.427623 2.802375
233 1.464347 2.939105
233 1.472393 2.804897
233 1.598113 2.992852
235 1.475489 2.810319
235 1.493106 2.828691
235 1.473262 2.902160
235 1.465220 2.868853
237 1.455355 2.808812
237 1.444109 2.746773
237 1.489928 2.801620
237 1.484115 2.841053
239 1.502322 2.822648
239 1.480443 2.807732
239 1.489756 2.849206
239 1.532366 2.889711
241 1.469299 2.822360
241 1.448463 2.923379
241 1.441163 2.789045
241 1.493323 2.932063
243 1.493695 2.889780
243 1.386249 2.775393
243 1.498554 2.872134
243 1.425866 2.744906
245 1.436501 2.887356
245 1.512571 3.080610
245 1.472180 2.871802
245 1.401509 2.984375
247 1.416598 2.862394
247 1.459241 2.827971
247 1.457940 2.828498
247 1.454889 2.857412
249 1.471150 2.870908
249 1.374413 2.838757
249 1.416269 2.943586
249 1.416483 2.903553
251 1.415193 2.832549
251 1.443550 2.950167
251 1.435261 2.915340
251 1.414833 2.892026
253 1.403956 2.878171
253 1.414711 2.857215
253 1.422415 2.858188
253 1.408410 2.885819
255 1.393034 3.040536
255 1.428564 2.990280
255 1.353983 2.929480
255 1.409725 2.986533
