28.319714
22.198479
21.891609
21.788473
21.756862
12.118922
12.009075
12.078381
12.077880
12.033945
8.736940
8.685919
8.775935
8.726883
8.760476
7.080659
7.100299
7.172728
7.001425
7.057770
6.085175
6.003930
6.003350
6.106567
6.514628
5.418255
5.365323
5.408891
5.443477
5.328269
4.899108
4.936968
4.840614
4.987243
4.885433
4.676553
4.691026
4.648334
4.705794
4.506305
4.345688
4.202493
4.344180
4.361393
4.330406
4.003728
3.934872
4.370173
4.063778
4.096729
3.810783
3.964806
3.786572
3.935654
3.901795
3.713935
3.824101
3.778815
3.685238
3.667253
3.655608
3.708580
3.704414
3.670985
3.696209
3.557533
3.510041
3.500485
3.497847
3.512781
3.380469
3.474417
3.464037
3.483618
3.400814
3.406150
3.385180
3.600080
3.414555
3.347053
3.232358
3.294770
3.332799
3.305523
3.364160
3.325278
3.311003
3.337949
3.250954
3.068319
3.107033
3.154252
3.265177
3.083134
3.258895
3.153385
3.044518
3.184144
3.207277
3.158762
3.104634
3.076842
3.060224
3.098321
3.164998
3.102497
3.048362
3.016117
3.055360
2.930667
3.050756
3.059636
3.090239
3.035545
2.982759
2.956537
2.939867
2.958898
2.965627
2.996196
2.913879
2.946029
2.950570
2.914438
2.927409
2.951719
2.897668
3.053455
2.880610
2.945966
2.961559
2.845751
2.970773
2.933853
2.991392
2.826378
2.903459
2.908892
2.833844
2.988437
2.906171
2.885833
2.940414
2.900434
2.899776
2.911480
2.903527
2.934942
2.833118
2.937716
2.763338
2.970855
2.795202
2.849766
2.848563
2.763350
2.766320
2.830948
2.800663
2.748505
2.818225
2.666676
2.775842
2.739850
2.861648
2.840361
2.770239
2.870109
2.756237
2.744264
2.615991
2.779256
2.707258
2.879020
2.930032
2.754453
2.781894
2.725957
2.738628
2.727052
2.671238
2.584661
2.713963
2.702538
2.728794
2.664406
2.682319
2.619402
2.660086
2.673146
2.683593
2.699904
2.650637
2.632740
2.667485
2.734942
2.693772
2.650186
2.628351
2.718947
2.859399
2.550518
2.644507
2.683444
2.622967
2.597890
2.575875
2.647660
2.573924
2.648338
2.627280
2.614064
2.598844
2.605343
2.648393
2.582932
2.631604
2.616320
2.639033
2.589348
2.581962
2.557384
2.541204
2.745313
2.472367
2.582805
2.575336
2.585075
2.528561
2.558186
2.507007
2.496021
2.598347
2.516989
2.582439
2.544658
2.647341
2.541555
2.614285
2.607856
2.547904
2.627182
2.535656
2.566743
2.597965
2.533670
2.595497
2.480198
2.571797
2.605906
2.575294
2.511262
2.649285
2.523438
2.451766
2.531717
2.519065
2.610631
2.647015
2.566252
2.511432
2.555561
2.585397
2.513259
2.588300
2.549561
2.526375
2.529539
2.617067
2.554517
2.583775
2.529167
2.581057
2.551125
2.415767
2.593542
2.498273
2.491122
2.442229
2.450103
2.549820
2.522980
2.485940
2.531571
2.570350
2.448519
2.414062
2.393107
2.400339
2.492567
2.522479
2.522130
2.476400
2.471802
2.567849
2.474949
2.427034
2.488765
2.504214
2.484199
2.465969
2.576475
2.467309
2.688623
2.372396
2.445571
2.389893
2.514959
2.433012
2.430223
2.416808
2.475662
2.657809
2.406209
2.490675
2.362110
2.439700
2.472174
2.446024
2.447291
