62.781656
62.784440
62.776202
62.809039
62.753239
32.821608
32.806731
32.832867
32.823008
32.830213
22.379181
22.358144
22.371711
22.377310
22.385343
17.222381
17.212605
17.225351
17.199874
17.246025
14.098861
14.124228
14.105190
14.131685
14.118104
12.067284
12.046623
12.032237
12.050519
12.147929
10.628218
10.609788
10.601901
10.591136
10.601311
9.490131
9.524906
9.497382
9.572132
9.483490
8.599383
8.548442
8.659678
8.591971
8.619675
7.900359
7.938400
7.869976
7.893198
7.867477
7.320648
7.326212
7.338100
7.327990
6.890411
7.033590
6.902306
6.840561
6.861067
6.446600
6.454388
6.452385
6.469066
6.622647
6.123117
6.135918
6.095922
6.126742
6.127252
5.817319
5.823799
5.904331
5.853300
5.864480
5.542445
5.581325
5.953060
5.562492
5.567420
5.355034
5.407788
5.363823
5.620635
5.391343
5.164698
5.167086
5.133062
5.182837
5.191778
4.986501
4.989679
4.974722
4.989971
5.025141
4.826737
4.833605
4.848761
4.989441
4.835284
4.662022
4.726897
4.688071
4.939631
4.669858
4.539677
4.556127
4.513782
4.854280
4.533166
4.409842
4.396277
4.387393
4.416567
4.400357
4.325025
4.375903
4.327452
4.351491
4.306030
4.231911
4.209283
4.205778
4.218884
4.204746
4.133361
4.177094
4.142951
4.131553
4.104487
4.013529
4.282434
4.021712
4.028285
4.031068
3.971876
3.931577
3.959658
3.917549
3.947334
3.854634
3.863477
3.891958
3.866860
4.067683
3.816450
3.820441
3.813910
3.818494
4.514357
3.773782
3.784002
3.784122
3.775622
3.989793
3.674542
3.690790
3.664007
3.747236
3.660791
3.618284
3.591514
3.631475
3.625497
3.647131
3.761828
3.578932
3.625939
3.577245
3.583324
3.523284
3.506234
3.573420
3.531903
3.485042
3.510266
3.662834
3.427437
3.508590
3.505244
3.433088
3.438588
3.489401
3.567211
3.456067
3.361257
3.365894
3.359736
3.365713
3.392787
3.338712
3.390855
3.352158
3.338184
3.372791
3.347998
3.342451
3.331785
3.335105
3.349115
3.298939
3.276177
3.315218
3.315757
3.300233
3.294240
3.259575
3.272646
3.251157
3.252733
3.246372
3.262285
3.218409
3.261722
3.261183
3.197141
3.233620
3.207381
3.205440
3.232286
3.168335
3.151304
3.292128
3.154333
3.168679
3.104264
3.148032
3.128787
3.108371
3.324261
3.081672
3.118312
3.081769
3.092781
3.099304
3.074422
3.054659
3.070444
3.067406
3.074193
3.068265
3.097642
3.170684
3.065376
3.079892
3.058129
3.036449
3.061877
3.019560
3.241235
3.190475
2.985293
3.003357
3.012969
3.034880
2.993295
2.999311
3.005645
2.989653
3.008170
2.975093
2.975156
2.989735
2.945963
2.993905
2.922381
3.137384
3.156000
2.955261
2.933080
2.936174
2.952473
2.887092
2.920092
2.942257
2.893216
2.892224
2.870939
2.888441
2.889983
2.885788
3.112534
2.893040
2.907735
2.893160
2.846714
2.864909
2.872783
2.887713
2.867582
2.863024
2.968381
2.886351
2.886621
2.922804
2.855157
3.058674
2.818699
2.835506
2.820415
2.810522
2.833606
2.823687
2.799977
2.835358
2.844613
2.986772
2.797746
2.786182
2.795900
2.807964
2.757154
2.775832
2.760599
2.798411
2.792949
2.781009
2.787535
2.788284
2.759516
2.745712
